v -1.963915 0.000000 0.000000     vn -0.6644 0.7473 0.0000
v -1.468390 0.361595 -0.000000    vn -0.3961 0.9182 0.0000
v -1.717857 0.218765 0.000000     vn -0.5838 0.8119 0.0000
v -1.212104 0.439338 -0.000000    vn -0.1901 0.9817 0.0000
v -0.945589 0.462842 0.000000     vn -0.0085 0.9999 0.0000
v -0.665435 0.442954 -0.000000    vn 0.1224 0.9925 0.0000
v -0.050575 0.316395 0.000000     vn 0.2344 0.9721 0.0000
v -0.368234 0.390522 0.000000     vn 0.2005 0.9797 0.0000
v 1.963915 0.000000 -0.000000     vn 0.0422 0.9991 0.0000
v 1.492826 0.019887 0.000000      vn 0.0811 0.9967 0.0000  
v 1.059241 0.072319 0.000000      vn 0.1513 0.9885 0.0000
v 0.659753 0.146446 -0.000000     vn 0.2035 0.9791 0.0000
v 0.290950 0.231420 0.000000      vn 0.2330 0.9725 0.0000

v -1.963915 0.000000 3.000000     vn -0.6644 0.7473 0.0000
v -1.468390 0.361595 3.000000     vn -0.3961 0.9182 0.0000
v -1.717857 0.218765 3.000000     vn -0.5838 0.8119 0.0000
v -1.212104 0.439338 3.000000     vn -0.1901 0.9817 0.0000
v -0.945589 0.462841 3.000000     vn -0.0085 0.9999 0.0000
v -0.665435 0.442954 3.000000     vn 0.1224 0.9925 0.0000
v -0.050575 0.316395 3.000000     vn 0.2344 0.9721 0.0000
v -0.368234 0.390522 3.000000     vn 0.2005 0.9797 0.0000
v 1.963915 0.000000 3.000000      vn 0.0422 0.9991 0.0000
v 1.492826 0.019887 3.000000      vn 0.0811 0.9967 0.0000 
v 1.059241 0.072319 3.000000      vn 0.1513 0.9885 0.0000
v 0.659753 0.146446 3.000000      vn 0.2035 0.9791 0.0000
v 0.290950 0.231420 3.000000      vn 0.2330 0.9725 0.0000

